train_loss : 0.007959011010825634
train_acc : 0.9974693655967712
test_loss : 1.2961139678955078
test_acc : 0.7788461446762085
time : 5815.7648594379425
