train_loss : 0.020222708582878113
train_acc : 0.992408037185669
test_loss : 0.9923543930053711
test_acc : 0.7820512652397156
time : 3872.11918759346
