train_loss : 0.2566169798374176
train_acc : 0.898585855960846
test_loss : 0.35557088255882263
test_acc : 0.8669871687889099
time : 2867.89217543602
