train_loss : 0.007554090581834316
train_acc : 0.9980000257492065
test_loss : 1.702592134475708
test_acc : 0.7964743375778198
time : 2579.836911916733
