train_loss : 0.15246659517288208
train_acc : 0.9440000057220459
test_loss : 0.3931713104248047
test_acc : 0.8541666865348816
time : 1297.4730195999146
