train_loss : 1.5100359007647057e-07
train_acc : 1.0
test_loss : 2.1097733974456787
test_acc : 0.8461538553237915
time : 4342.185252904892
