train_loss : 9.123864970206341e-07
train_acc : 1.0
test_loss : 2.0226123332977295
test_acc : 0.8477563858032227
time : 2919.3097405433655
