train_loss : 0.14075475931167603
train_acc : 0.9495412707328796
test_loss : 0.40412637591362
test_acc : 0.8365384340286255
time : 5688.0524706840515
