train_loss : 0.16212023794651031
train_acc : 0.9420350193977356
test_loss : 0.368203341960907
test_acc : 0.8461538553237915
time : 2840.4778575897217
