train_loss : 0.14723922312259674
train_acc : 0.945371150970459
test_loss : 0.43940576910972595
test_acc : 0.7596153616905212
time : 6025.602761030197
