train_loss : 0.17483925819396973
train_acc : 0.9382818937301636
test_loss : 0.4377206563949585
test_acc : 0.7660256624221802
time : 3010.2483677864075
