train_loss : 0.19747717678546906
train_acc : 0.9345287680625916
test_loss : 0.47402769327163696
test_acc : 0.7211538553237915
time : 7943.087852478027
