train_loss : 0.20642083883285522
train_acc : 0.9207673072814941
test_loss : 0.4166572690010071
test_acc : 0.8092948794364929
time : 3981.2532930374146
