train_loss : 2.3193305764834804e-07
train_acc : 1.0
test_loss : 4.077335357666016
test_acc : 0.8044871687889099
time : 6240.73953294754
