train_loss : 0.0002443695266265422
train_acc : 0.9997972249984741
test_loss : 4.205552577972412
test_acc : 0.7948718070983887
time : 4159.479296445847
