train_loss : 0.11049041152000427
train_acc : 0.9582319259643555
test_loss : 0.4576285779476166
test_acc : 0.8092948794364929
time : 8324.811546564102
