train_loss : 0.11398659646511078
train_acc : 0.959448516368866
test_loss : 0.469197541475296
test_acc : 0.8125
time : 4159.125293493271
