train_loss : 0.12024401128292084
train_acc : 0.9580292105674744
test_loss : 0.417631059885025
test_acc : 0.817307710647583
time : 8959.264443159103
