train_loss : 0.13129496574401855
train_acc : 0.9531630277633667
test_loss : 0.3960430920124054
test_acc : 0.8381410241127014
time : 4489.608979225159
