train_loss : 0.14491061866283417
train_acc : 0.9450527429580688
test_loss : 0.4313275218009949
test_acc : 0.8108974099159241
time : 6411.653758764267
