train_loss : 0.0017079472308978438
train_acc : 0.9994992613792419
test_loss : 4.295360565185547
test_acc : 0.8189102411270142
time : 2466.7463109493256
