train_loss : 0.0016113229794427752
train_acc : 0.9989985227584839
test_loss : 4.153200626373291
test_acc : 0.8285256624221802
time : 1643.9726088047028
