train_loss : 0.03804807364940643
train_acc : 0.9879819750785828
test_loss : 1.4518163204193115
test_acc : 0.8269230723381042
time : 1632.5317752361298
